Web Search interest: magicka wizard wars wikipedia
Worldwide Jul-Aug 2014

