Web Search interest: league of legends worlds schedule season 5
Worldwide Sep-Oct 2015

