Web Search interest: hon download
Worldwide Jan-Feb 2011

Interest over time
Day,hon download
2011-01-01,0
2011-01-02,0
2011-01-03,0
2011-01-04,0
2011-01-05,0
2011-01-06,60
2011-01-07,57
2011-01-08,61
2011-01-09,64
2011-01-10,68
2011-01-11,72
2011-01-12,58
2011-01-13,58
2011-01-14,58
2011-01-15,95
2011-01-16,69
2011-01-17,52
2011-01-18,52
2011-01-19,53
2011-01-20,53
2011-01-21,54
2011-01-22,0
2011-01-23,0
2011-01-24,0
2011-01-25,0
2011-01-26,0
2011-01-27,0
2011-01-28,63
2011-01-29,0
2011-01-30,0
2011-01-31,0
2011-02-01,0
2011-02-02,0
2011-02-03,0
2011-02-04,0
2011-02-05,67
2011-02-06,0
2011-02-07,0
2011-02-08,0
2011-02-09,0
2011-02-10,0
2011-02-11,0
2011-02-12,0
2011-02-13,0
2011-02-14,0
2011-02-15,53
2011-02-16,80
2011-02-17,0
2011-02-18,0
2011-02-19,0
2011-02-20,0
2011-02-21,0
2011-02-22,65
2011-02-23,62
2011-02-24,62
2011-02-25,62
2011-02-26,100
2011-02-27,49
2011-02-28,49









