Web Search interest: dota 2 reddit league
Worldwide Jan-Feb 2015

