Web Search interest: infinite crisis beta key reddit
Worldwide Jul-Aug 2015

