Web Search interest: heroes of the storm reddit
Worldwide Jul-Aug 2014

Interest over time
Week,heroes of the storm reddit
2014-07-06 - 2014-07-12,75
2014-07-13 - 2014-07-19,82
2014-07-20 - 2014-07-26,100
2014-07-27 - 2014-08-02,68
2014-08-03 - 2014-08-09,55
2014-08-10 - 2014-08-16,84
2014-08-17 - 2014-08-23,79
2014-08-24 - 2014-08-30,80
2014-08-31 - 2014-09-06,78









