Web Search interest: heroes of the storm characters tier
Worldwide Jan-Feb 2014

