Web Search interest: heroes of newerth download full version
Worldwide May-Jun 2015

