Web Search interest: dota 2 lounge bots offline
Worldwide Jul-Aug 2014

