Web Search interest: magicka wizard wars ice spells
Worldwide Jul-Aug 2015

