Web Search interest: league of legends wiki mordekaiser
Worldwide May-Jun 2014

